0000100005000010001000020260208
0000200005000020000500020260208
0000300006000010002500020260208
0000400007000030000750020260208
0000500008000020001500020260208
0000600005000030001200020260208
0000700006000010002000020260208
0000800007000020001000020260208
0000900008000010003000020260208
0001000005000020000500020260208
0001100006000030004000020260208
0001200007000010001500020260208
0001300008000020001000020260208
0001400005000010002500020260208
0001500006000020000500020260208
0001600007000030000800020260208
0001700008000010001200020260208
0001800005000020003000020260208
0001900006000030002000020260208
0002000007000010001000020260208