0000100001000010001000020260207
0000200001000020000500020260207
0000300002000010002500020260207
0000400003000030000750020260207
0000500004000020001500020260207
0000600001000030001200020260207
0000700002000010002000020260207
0000800003000020001000020260207
0000900004000010003000020260207
0001000001000020000500020260207
0001100002000030004000020260207
0001200003000010001500020260207
0001300004000020001000020260207
0001400001000010002500020260207
0001500002000020000500020260207
0001600003000030000800020260207
0001700004000010001200020260207
0001800001000020003000020260207
0001900002000030002000020260207
0002000003000010001000020260207