0000100001000010001000020230401
0000200001000020000500020230401
0000300002000010002500020230402
0000400003000030000750020230402
0000500004000020001500020230403
0000600001000030001200020230403
0000700002000010002000020230404
0000800003000020001000020230404
0000900004000010003000020230405
0001000001000020000500020230405
0001100002000030004000020230406
0001200003000010001500020230406
0001300004000020001000020230407
0001400001000010002500020230407
0001500002000020000500020230408
0001600003000030000800020230408
0001700004000010001200020230409
0001800001000020003000020230409
0001900002000030002000020230410
0002000003000010001000020230410